function Rq2 = quat_dR(in1)
%quat_dR
%    Rq2 = quat_dR(IN1)

%    This function was generated by the Symbolic Math Toolbox version 9.2.
%    02-Feb-2023 20:05:27

q1 = in1(1,:);
q2 = in1(2,:);
q3 = in1(3,:);
q4 = in1(4,:);
t2 = q1.^2;
t3 = q1.^3;
t4 = q2.^2;
t5 = q2.^3;
t6 = q3.^2;
t7 = q3.^3;
t8 = q4.^2;
t9 = q4.^3;
t22 = q1.*q2.*q3.*2.0;
t23 = q1.*q2.*q4.*2.0;
t24 = q1.*q3.*q4.*2.0;
t25 = q2.*q3.*q4.*2.0;
t10 = q1.*t4;
t11 = q2.*t2;
t12 = q1.*t6;
t13 = q3.*t2;
t14 = q1.*t8;
t15 = q2.*t6;
t16 = q4.*t2;
t17 = q3.*t4;
t18 = q2.*t8;
t19 = q4.*t4;
t20 = q3.*t8;
t21 = q4.*t6;
t26 = -t22;
t27 = -t23;
t28 = -t24;
t29 = -t25;
t30 = t2+t4;
t31 = t2+t6;
t32 = t2+t8;
t33 = t4+t6;
t34 = t4+t8;
t35 = t6+t8;
t36 = -t10;
t37 = -t11;
t38 = -t12;
t39 = -t13;
t40 = -t14;
t41 = -t15;
t42 = -t16;
t43 = -t17;
t44 = -t18;
t45 = -t19;
t46 = -t20;
t47 = -t21;
t48 = t30+t35;
t49 = 1.0./t48.^2;
Rq2 = reshape([q1.*t35.*t49.*4.0,t49.*(t9+t19+t21+t26+t42).*2.0,t49.*(t7+t17+t20+t23+t39).*-2.0,t49.*(t9+t19+t21+t22+t42).*-2.0,q1.*t34.*t49.*4.0,t49.*(t5+t15+t18+t28+t37).*2.0,t49.*(t7+t17+t20+t27+t39).*2.0,t49.*(t5+t15+t18+t24+t37).*-2.0,q1.*t33.*t49.*4.0,q2.*t35.*t49.*4.0,t49.*(t7+t13+t20+t27+t43).*2.0,t49.*(t9+t16+t21+t22+t45).*2.0,t49.*(t7+t13+t20+t23+t43).*2.0,q2.*t31.*t49.*-4.0,t49.*(t3+t12+t14+t29+t36).*2.0,t49.*(t9+t16+t21+t26+t45).*2.0,t49.*(t3+t12+t14+t25+t36).*-2.0,q2.*t32.*t49.*-4.0,q3.*t30.*t49.*-4.0,t49.*(t5+t11+t18+t28+t41).*2.0,t49.*(t3+t10+t14+t25+t38).*-2.0,t49.*(t5+t11+t18+t24+t41).*2.0,q3.*t34.*t49.*4.0,t49.*(t9+t16+t19+t26+t47).*2.0,t49.*(t3+t10+t14+t29+t38).*2.0,t49.*(t9+t16+t19+t22+t47).*2.0,q3.*t32.*t49.*-4.0,q4.*t30.*t49.*-4.0,t49.*(t3+t10+t12+t29+t40).*2.0,t49.*(t5+t11+t15+t24+t44).*2.0,t49.*(t3+t10+t12+t25+t40).*-2.0,q4.*t31.*t49.*-4.0,t49.*(t7+t13+t17+t27+t46).*2.0,t49.*(t5+t11+t15+t28+t44).*2.0,t49.*(t7+t13+t17+t23+t46).*2.0,q4.*t33.*t49.*4.0],[3,3,4]);
