function Ads_ov = SE3Ads(in1,in2)
%SE3Ads
%    Ads_ov = SE3Ads(IN1,IN2)

%    This function was generated by the Symbolic Math Toolbox version 9.3.
%    2024-01-16 21:47:14

T1_1_1 = in1(1);
T1_1_2 = in1(5);
T1_1_3 = in1(9);
T1_1_4 = in1(13);
T1_2_1 = in1(2);
T1_2_2 = in1(6);
T1_2_3 = in1(10);
T1_2_4 = in1(14);
T1_3_1 = in1(3);
T1_3_2 = in1(7);
T1_3_3 = in1(11);
T1_3_4 = in1(15);
f1 = in2(1,:);
f2 = in2(2,:);
f3 = in2(3,:);
f4 = in2(4,:);
f5 = in2(5,:);
f6 = in2(6,:);
Ads_ov = [T1_1_1.*f1+T1_2_1.*f2+T1_3_1.*f3-f6.*(T1_1_1.*T1_2_4-T1_1_4.*T1_2_1)+f5.*(T1_1_1.*T1_3_4-T1_1_4.*T1_3_1)-f4.*(T1_2_1.*T1_3_4-T1_2_4.*T1_3_1);T1_1_2.*f1+T1_2_2.*f2+T1_3_2.*f3-f6.*(T1_1_2.*T1_2_4-T1_1_4.*T1_2_2)+f5.*(T1_1_2.*T1_3_4-T1_1_4.*T1_3_2)-f4.*(T1_2_2.*T1_3_4-T1_2_4.*T1_3_2);T1_1_3.*f1+T1_2_3.*f2+T1_3_3.*f3-f6.*(T1_1_3.*T1_2_4-T1_1_4.*T1_2_3)+f5.*(T1_1_3.*T1_3_4-T1_1_4.*T1_3_3)-f4.*(T1_2_3.*T1_3_4-T1_2_4.*T1_3_3);T1_1_1.*f4+T1_2_1.*f5+T1_3_1.*f6;T1_1_2.*f4+T1_2_2.*f5+T1_3_2.*f6;T1_1_3.*f4+T1_2_3.*f5+T1_3_3.*f6];
end
