function Ad_ov = SE3Ad(in1,in2)
%SE3Ad
%    Ad_ov = SE3Ad(IN1,IN2)

%    This function was generated by the Symbolic Math Toolbox version 9.3.
%    2024-01-16 21:47:14

T1_1_1 = in1(1);
T1_1_2 = in1(5);
T1_1_3 = in1(9);
T1_1_4 = in1(13);
T1_2_1 = in1(2);
T1_2_2 = in1(6);
T1_2_3 = in1(10);
T1_2_4 = in1(14);
T1_3_1 = in1(3);
T1_3_2 = in1(7);
T1_3_3 = in1(11);
T1_3_4 = in1(15);
v1_1 = in2(1,:);
v1_2 = in2(2,:);
v1_3 = in2(3,:);
v1_4 = in2(4,:);
v1_5 = in2(5,:);
v1_6 = in2(6,:);
Ad_ov = [T1_1_1.*v1_1+T1_1_2.*v1_2+T1_1_3.*v1_3;T1_2_1.*v1_1+T1_2_2.*v1_2+T1_2_3.*v1_3;T1_3_1.*v1_1+T1_3_2.*v1_2+T1_3_3.*v1_3;T1_1_1.*v1_4+T1_1_2.*v1_5+T1_1_3.*v1_6-v1_1.*(T1_2_1.*T1_3_4-T1_2_4.*T1_3_1)-v1_2.*(T1_2_2.*T1_3_4-T1_2_4.*T1_3_2)-v1_3.*(T1_2_3.*T1_3_4-T1_2_4.*T1_3_3);T1_2_1.*v1_4+T1_2_2.*v1_5+T1_2_3.*v1_6+v1_1.*(T1_1_1.*T1_3_4-T1_1_4.*T1_3_1)+v1_2.*(T1_1_2.*T1_3_4-T1_1_4.*T1_3_2)+v1_3.*(T1_1_3.*T1_3_4-T1_1_4.*T1_3_3);T1_3_1.*v1_4+T1_3_2.*v1_5+T1_3_3.*v1_6-v1_1.*(T1_1_1.*T1_2_4-T1_1_4.*T1_2_1)-v1_2.*(T1_1_2.*T1_2_4-T1_1_4.*T1_2_2)-v1_3.*(T1_1_3.*T1_2_4-T1_1_4.*T1_2_3)];
end
